CLING	graphsage	gsampler	ladis
0.714	0.9295	0.9266	0.9251
0.8314	0.9433	0.9411	0.9408
0.8688	0.9484	0.946	0.947
0.8919	0.9532	0.9498	0.9511
0.9048	0.9554	0.9509	0.9535
0.912	0.9559	0.9534	0.9528
0.9162	0.9577	0.9562	0.9575
0.918	0.9592	0.9563	0.9579
0.9234	0.9595	0.9572	0.9575
0.9226	0.9604	0.959	0.9585
0.9277	0.9617	0.9572	0.9579
0.927	0.9606	0.9579	0.9605
0.9277	0.9616	0.9601	0.9602
0.9285	0.9626	0.9601	0.9597
0.93	0.9626	0.9597	0.9593
0.9299	0.9618	0.9606	0.9597
0.9308	0.9612	0.9602	0.9601
0.9313	0.9624	0.9609	0.9598
0.9307	0.9621	0.9608	0.9598
0.9309	0.9623	0.9591	0.9614
0.93	0.9631	0.9602	0.9606
0.93	0.9617	0.961	0.9617
0.9308	0.9628	0.96	0.9609
0.9324	0.9614	0.9622	0.9593
0.9326	0.9634	0.9593	0.9606
0.9316	0.9627	0.9604	0.9613
0.9329	0.963	0.9616	0.9605
0.9326	0.9627	0.9602	0.9593
0.9312	0.9607	0.9603	0.9598
0.931	0.9619	0.9606	0.9613
0.9313	0.9629	0.9614	0.9602
0.9328	0.9637	0.961	0.9601
0.931	0.964	0.9593	0.9615
0.9324	0.9627	0.9612	0.9617
0.9333	0.9623	0.9611	0.9608
0.9308	0.9608	0.9608	0.9617
0.933	0.9619	0.9617	0.9607
0.9332	0.963	0.9598	0.9628
0.9327	0.9629	0.9609	0.9597
0.9312	0.9629	0.9613	0.961
0.931	0.9633	0.9603	0.9601
0.9331	0.9624	0.9624	0.9612
0.9334	0.9623	0.9616	0.9616
0.9332	0.964	0.9608	0.9609
0.9341	0.9624	0.9613	0.961
0.9301	0.9637	0.9615	0.9603
0.9318	0.9631	0.9613	0.9607
0.9337	0.962	0.9609	0.9617
0.9319	0.963	0.9588	0.9621
0.934	0.9633	0.961	0.9606
0.9335	0.962	0.9615	0.9596
0.9325	0.9632	0.9611	0.9598
0.9328	0.964	0.9607	0.9619
0.933	0.9634	0.9602	0.961
0.934	0.9632	0.9608	0.9611
0.9313	0.9627	0.9614	0.9616
0.9341	0.962	0.9608	0.9608
0.9325	0.9628	0.9609	0.9604
0.9325	0.9612	0.9602	0.9616
0.9325	0.9624	0.9614	0.9612
0.9323	0.9611	0.9608	0.9598
0.935	0.9627	0.9619	0.9625
0.9358	0.9622	0.9615	0.9615
0.9339	0.9626	0.9624	0.9603
0.9329	0.9625	0.9619	0.9611
0.9335	0.9629	0.9613	0.9604
0.9341	0.9634	0.9613	0.9609
0.933	0.9629	0.9605	0.9608
0.9306	0.9619	0.9613	0.96
0.9327	0.9636	0.9605	0.9611
0.9343	0.9625	0.9622	0.9619
0.9324	0.9629	0.9628	0.9618
0.9344	0.963	0.9612	0.9623
0.9356	0.9629	0.9611	0.9614
0.9332	0.963	0.9615	0.9612
0.9358	0.9628	0.9618	0.9606
0.9324	0.9624	0.961	0.9606
0.9347	0.9635	0.9592	0.9622
0.9339	0.9627	0.9609	0.9616
0.9345	0.9631	0.9622	0.961
0.9325	0.9625	0.9613	0.9618
0.9336	0.964	0.9619	0.9614
0.9318	0.963	0.9622	0.9603
0.9327	0.9624	0.9604	0.961
0.9356	0.9628	0.9622	0.9623
0.9337	0.9624	0.9615	0.9615
0.9327	0.9626	0.9607	0.9605
0.9349	0.9631	0.9598	0.9609
0.9333	0.9634	0.9606	0.9612
0.9322	0.9627	0.9612	0.9614
0.9327	0.9627	0.9605	0.9608
0.9349	0.9639	0.9603	0.9625
0.9321	0.9631	0.9592	0.9608
0.9341	0.9626	0.9607	0.9624
0.9355	0.9624	0.9618	0.9592
0.9338	0.9629	0.9614	0.9622
0.9334	0.963	0.961	0.9613
0.9342	0.9633	0.9614	0.9608
0.9327	0.962	0.962	0.962
0.9362	0.9635	0.9592	0.9595
