#CLING	Graphsage
35502386	107403610
35871491	107619246
35190777	107988364
35501797	107967900
35477447	107889886
36016061	108418902
36122660	108188173
35631603	108862953
36067056	107982861
35570302	108189890
35740069	108184115
35936580	108547543
34737683	108055864
35680892	108159352
35767098	108353840
35430244	108420225
35185050	107954519
35220636	108320948
36193598	108673203
35712779	108424864
35662780	108513210
35964048	107730857
36265817	108169013
35652414	108281734
35623952	108502569
36160965	107612112
35619763	108223376
35491772	108295076
35451379	108563235
36063549	108063436
35515606	108351568
35042249	107144331
35538421	108305421
36069904	107604430
35546372	108682041
35477059	108357416
35439421	108566159
35433458	108059634
35629795	107696664
34945768	107594284
36037734	107558298
35582633	108185906
35527842	108305976
35604664	107523224
35166622	108331967
36150756	107190799
35118411	107955375
35786413	107664802
35818212	107726641
36566431	108333883
35628460	107740857
36252158	107890475
36040338	108587760
35441905	108925672
35910094	108004808
36045107	108615572
35570870	108574575
36044170	108540851
35699016	109104700
36208364	108331863
35767286	107941214
34981901	108264553
35824335	108484552
35908928	108506488
35539578	107622008
35607262	107918531
34699716	107580120
35422444	108096145
36032416	107917412
35688246	107570956
35695591	107826085
35570919	108436027
34705173	108267417
35818702	107819395
35369138	108431584
35842439	107591721
35563186	108545250
36105384	108675730
35629426	107385034
35568115	107764104
35956209	107919521
35521536	108246025
36278112	108044496
35429425	108341339
36445432	107912046
35998620	107953638
35330042	107610456
35755617	108332350
36436991	108841897
35827661	107440972
35111851	108297126
35916008	107739122
35967925	108323657
35806216	108642698
35874554	107551887
35827116	108052195
35123963	108139203
35338124	108892965
36485102	108522986
34867742	108584134
35621115	107874218
35221023	109047986
35665525	108048512
35959220	108182664
35468848	108197967
35619714	108574501
35665189	108119333
34987515	107646931
35638372	108430005
35337214	108403793
35068150	107964646
35231393	108749447
36124001	108538714
35554558	107874177
35331176	108050879
34994122	108707209
35729207	108422137
35789576	107485842
35226541	107515848
35465750	108495976
35433903	108056751
36022158	108588728
35296426	108981227
35546552	108488993
35509547	108220118
35974836	107870685
35662857	107437487
35762787	107545345
35737332	108582753
35463192	107434834
35493431	108629299
35779525	108094323
35457680	107435993
35577536	108046075
35738365	108412456
35676599	109362971
36018288	108305452
36155451	108259953
35362967	108911067
35689066	107892845
36477623	108560697
35024668	108502437
35806448	107166920
36045097	108960260
35679799	108657985
34921502	108554886
35170457	108247579
36179180	108367151
36019962	107957792
31403646	98363815
34743763	107063565
