#CLING				GRAPHSAGE		
#layer1 Memory 	layer2 Memory 	layer3 Memory 		layer1 Memory 	layer2 Memory 	layer3 Memory 
2.616233826	81.61080933	194.7071304		5.991226196	256.7481766	423.1840515
2.688766479	82.19900513	195.0469131		5.95110321	257.7022018	424.2479553
2.598999023	80.83792114	194.5758743		6.007797241	258.2409592	423.790062
2.6512146	81.4420929	194.6978836		6.082572937	257.6997604	424.1337662
2.620384216	81.44940948	195.3762665		6.011779785	257.9542618	423.7332382
2.692878723	82.55162811	195.3417511		6.034553528	259.2928162	424.9094925
2.690498352	82.8841095	196.1619568		6.005714417	258.7468338	424.6278915
2.665885925	81.70264435	193.9578705		6.084335327	260.272789	424.6923676
2.686103821	82.7191925	196.7910538		5.972427368	258.3640366	424.3008957
2.656234741	81.55255127	194.8092957		6.040618896	258.6856461	423.9693451
2.662811279	81.89816284	195.4886398		5.986366272	259.0234985	424.3680344
2.67805481	82.38697815	195.5021591		6.072257996	259.3570862	424.677803
2.57384491	79.87999725	193.2611771		5.986930847	258.5540771	424.1377716
2.656150818	81.88946533	194.6945953		6.023170471	258.6237793	424.0110016
2.662940979	81.99879456	195.1311264		6.044815063	259.0552521	424.0312119
2.642402649	81.26998901	194.6294556		6.044372559	259.2092667	424.5212097
2.615127563	80.86380768	194.5049896		5.995750427	258.2631073	424.0635986
2.609375	80.9112854	194.9768753		6.044799805	258.9255219	424.7977448
2.688186646	83.03237152	196.7835007		6.04485321	259.8987732	425.1790619
2.650390625	81.95379639	194.4875336		6.017555237	259.3640747	424.1763382
2.657371521	81.82650757	194.1340942		6.043571472	259.2805252	424.3702316
2.657089233	82.5447464	196.5289154		6.005393982	257.6417999	424.1295242
2.714859009	83.21966553	196.4618454		6.002288818	258.7838135	424.5615463
2.663215637	81.74253082	194.730957		6.023628235	259.0133591	424.8580704
2.651489258	81.79690552	195.9021683		6.032661438	259.4484253	424.9290085
2.714897156	82.90953064	195.303093		5.98286438	257.3749771	424.0022354
2.663612366	81.73712158	195.0096207		5.976707458	259.1147766	424.7240524
2.649887085	81.41778564	195.1576462		5.999359131	259.1871338	424.5716476
2.622558594	81.45291901	195.4367523		6.014610291	259.7252731	424.9319382
2.717163086	82.66370392	195.9746475		6.0054245	258.4699783	424.3354797
2.646614075	81.50463867	193.7724838		6.02696228	259.0935898	424.0286255
2.586265564	80.42444611	192.5604782		5.915023804	256.5308228	423.7960434
2.654449463	81.52364851	195.1618729		6.041915894	259.0260468	425.2347031
2.677566528	82.74422455	195.5656052		5.98890686	257.4162445	424.4340057
2.653175354	81.50320435	194.433075		5.991500854	260.2364426	425.4743805
2.62387085	81.5270462	194.848999		6.052818298	259.0128784	424.5767899
2.649673462	81.31227112	195.0545044		6.019714355	259.6572037	424.4721985
2.636772156	81.34065247	194.7353745		6.029029846	258.3438568	423.8333588
2.663948059	81.77921295	194.6810303		5.979217529	257.5518417	423.5072021
2.594024658	80.30271912	192.7182922		5.963340759	257.4416733	423.9326477
2.672470093	82.8053894	196.0144958		5.952423096	257.4600525	424.1427536
2.645927429	81.64268494	194.6211472		6.008857727	258.8887939	424.8362808
2.631286621	81.56681824	193.7612839		6.059082031	258.7653198	424.0524216
2.654396057	81.75172424	193.2569841		5.976821899	257.1747971	424.3551865
2.614242554	80.75089264	193.4108658		6.027336121	258.9177475	424.2323227
2.704399109	82.92678833	196.6335907		5.951896667	256.3754501	423.1648407
2.601257324	80.6969986	194.9662476		5.993804932	258.2835693	424.0555115
2.667221069	82.06099701	194.8520737		41.76583862	257.4332428	424.1494141
2.674713135	82.16129303	195.5877533		5.97718811	257.7165375	424.5157776
2.731300354	83.90397644	196.4311371		6.045883179	258.9939499	424.1525574
2.65335083	81.8804245	194.4387283		5.975250244	257.6666031	423.9456024
2.699737549	83.10810089	195.1089478		5.981376648	258.1435242	425.1898041
2.685165405	82.73558044	196.2383347		6.053710938	259.7090759	424.7174072
2.658721924	81.26117706	194.5858765		6.080787659	260.3007736	424.1019592
2.66709137	82.44864655	195.2846451		5.99458313	258.386467	424.264183
2.686904907	82.67086792	195.9652481		6.062072754	259.5699234	423.92733
2.635536194	81.70248413	194.814827		6.045143127	259.5407944	423.7453384
2.684387207	82.6902771	197.0511551		6.02293396	259.5826569	424.5771255
2.640487671	82.10990906	196.0628357		6.117378235	260.6159973	424.3460846
2.720352173	82.9638443	195.4718857		6.027046204	256.3980484	424.4937134
2.645462036	82.14574432	194.3337402		6.014808655	258.0931396	423.9353943
2.578842163	80.37755585	193.4801712		5.998405457	259.062767	424.6600647
2.658546448	82.20498657	194.5580521		6.083831787	259.0988922	424.1857681
2.667007446	82.44888306	195.7034149		6.004997253	259.5474014	423.9258118
2.640068054	81.54649353	194.5139542		5.966941833	257.3727112	423.7007675
0.4748306274	2.645133972	81.70508575		6.050483704	257.8164139	423.6633148
0.4745559692	2.563789368	79.82913208		5.964897156	257.2566299	424.1637344
0.4763565063	2.647621155	81.18013763		6.005096436	258.5310974	424.5401306
0.4764785767	2.671455383	82.74623871		6.012405396	258.0640564	424.5320282
0.4763412476	2.648246765	81.87200165		5.982940674	257.3383713	423.559639
0.4754257202	2.665596008	81.86099243		5.970802307	257.974617	424.0719986
0.4752960205	2.637268066	81.69763184		6.017883301	259.3731613	275.0076065
0.4752044678	2.536560059	79.92899323		6.01978302	258.9969482	425.0670776
0.4754486084	2.674911499	82.18488312		6.024299622	257.605072	423.7149887
0.4762954712	2.607826233	81.29807281		6.040794373	259.2859192	424.9405212
0.474319458	2.685236434	82.28833008		6.004043579	257.1713257	423.9682922
0.4757614136	2.63356781	81.66120148		6.01701355	259.7136078	424.2967453
0.4755020142	2.691307068	82.77075958		6.065460205	259.794487	424.1129379
0.4770812988	2.627838135	81.83600616		5.968841553	256.7690659	423.4627991
0.4769897461	2.658828735	81.49298859		5.98588562	257.8315353	423.5902405
0.4746398926	2.700698853	82.44156647		5.983833313	258.2663574	423.5692291
0.4746398926	2.6353302	81.63436127		6.033889771	258.8334885	424.1876221
0.4756469727	2.713562012	83.19272614		6.002738953	258.466301	424.2037277
0.4758682251	2.630470276	81.35717773		6.065208435	258.8467789	424.4509277
0.475944519	2.72379303	83.57002258		5.996253967	258.0941467	424.1476135
0.4765167236	2.671813965	82.63537598		5.987876892	258.3398666	424.3067474
0.4735794067	2.640678406	193.0652542		5.964004517	257.5282745	424.7906723
0.4745864868	2.654823303	82.1267395		6.031738281	259.0038071	424.1740646
0.4746246338	2.72567749	83.6293335		6.064994812	260.3051453	424.8732376
0.4752655029	2.679534912	82.18702698		5.955879211	257.1774292	424.1898193
0.475982666	2.625137329	80.51148224		6.008956909	259.1768188	424.6068344
0.4780426025	2.685836792	82.26093292		6.014572144	257.4671631	423.5811386
0.4757614136	2.676826477	82.48918915		6.01423645	259.1976547	424.3003693
0.4758834839	2.663169861	82.13614655		6.041168213	259.714035	424.6263351
0.4748687744	2.66343689	82.34792328		5.970550537	257.3816833	424.857666
2.669319153	82.27341461	195.0592728		6.015533447	258.4265671	423.8751068
2.613929749	80.67076111	194.6463547		6.00491333	258.716301	424.2045898
0.4747238159	2.613304138	81.14687347		6.070762634	260.3579025	425.0628891
0.4747848511	2.72039032	83.70764923		6.057289124	259.2687225	423.6270828
0.4747619629	2.58001709	80.2484436		6.038566589	259.6213989	424.7298279
0.47605896	2.631942749	81.7861557		5.991607666	258.2071228	424.966156
0.4760284424	2.604995728	80.92520142		6.076400757	260.8291626	424.785965
0.4761886597	2.650337219	81.82559204		5.997871399	258.331398	423.898941
0.4762039185	2.675666809	82.51373291		6.02885437	258.6553192	423.8577652
0.4755706787	2.648117065	81.39932251		5.997749329	258.9218903	424.4046631
0.477645874	2.660766602	81.61977386		6.021591187	259.8399582	424.7022247
0.475769043	2.639022827	81.96683502		6.016517639	258.5525131	424.9914627
0.4742736816	2.581771851	80.42922211		5.990837097	257.4264832	423.6489334
0.4771118164	2.669845581	81.66661835		6.058784485	259.106514	424.2749939
0.4752044678	2.634613037	81.04354095		6.019134521	259.3077164	424.5092697
0.4759216309	2.58694458	80.5839386		6.032951355	258.0720978	423.9230881
0.4749298096	2.611587524	80.9181366		6.057487488	259.9265976	424.5690079
0.4758529663	2.707359314	82.7624054		6.006813049	259.7796707	424.5226593
0.4754257202	2.637397766	81.65327454		6.025230408	257.7867355	423.6975098
0.4758453369	2.622116089	81.08588409		5.9661026	258.6855011	423.9694214
0.4733505249	2.58341217	80.49098206		6.034378052	260.0174637	425.084671
0.4761505127	2.658630371	81.95983887		6.00717926	259.4073334	424.3885269
0.4740982056	2.661705017	82.10836792		5.99118042	257.0786972	424.5481644
2.606056213	2.606056213	80.92199707		5.987831116	257.1204224	424.2390976
0.4743728638	2.624488831	81.51708221		6.033149719	259.3871307	424.1176529
0.4743499756	2.630874634	81.35700989		5.982398987	258.4745789	424.5678253
0.4764785767	2.674659729	82.67079163		6.015518188	259.8041763	424.756012
0.4769439697	2.624176025	80.97717285		6.072120667	260.527771	424.6972351
0.4731445313	2.640884399	81.68276215		6.035850525	259.4143829	424.3162766
0.4769210815	2.644981384	81.41558075		6.029449463	258.880867	424.6995087
0.4756469727	2.688568115	82.47325134		6.011016846	257.849762	424.5795441
0.4750823975	2.648590088	81.87119293		5.969055176	257.1462479	424.4763031
0.475440979	2.65599823	82.07546997		6.008728027	257.0694656	423.193367
0.4763031006	2.651092529	82.02775574		6.071350098	259.3619232	424.3273621
16.32741547	0.4751968384	81.46759796		5.970237732	257.0085983	424.3764572
16.38037872	0.4770507813	2.634536743		6.03440094	408.2629166	425.4085617
16.61377716	0.4758682251	2.668922424		6.055381775	258.2540741	423.7822952
16.33742523	0.4752120972	2.626289368		5.958442688	257.1581268	423.7652435
16.399086	0.4760971069	2.636787415		6.040931702	258.1063385	423.8116455
16.5176239	0.4768600464	2.655174255		6.04208374	259.287468	424.7550354
16.53556824	0.4748840332	2.656402588		6.116844177	261.2682724	424.6613617
16.78053284	0.4750366211	2.693725586		6.055297852	258.76828	424.3283234
16.70032501	0.4772033691	2.683074951		6.021194458	259.0214005	424.1762161
16.24427795	0.4747390747	2.612037659		6.088050842	260.3001938	425.1017914
16.60180664	0.4740982056	2.665870667		5.991241455	258.0646591	423.9203186
16.91785431	0.4775924683	2.716468811		6.042160034	259.5408859	424.631958
16.13842773	0.4770355225	2.597991943		6.022247314	259.6494751	423.7413712
16.67279053	0.4755096436	2.677536011		5.98134613	256.1203308	276.7808685
16.92680359	0.47631073	2.716789246		6.072685242	260.5022507	424.8003311
16.59041595	0.4756851196	2.665214539		6.062515259	259.7118073	424.2312698
16.07096863	0.4762191772	2.586921692		6.05708313	259.4647064	424.8777618
16.21981812	0.4756851196	2.608818054		6.015296936	258.83004	424.7621002
16.74382019	0.4763259888	2.688926697		6.017021179	259.2892685	424.9676514
