#CLING	GraphSAGE
278.9341736	685.9234543
279.9346848	687.9012604
278.0127945	688.0388184
278.7911911	687.9160995
279.4460602	687.6992798
280.5862579	690.2368622
281.7365646	689.3804398
278.3264008	691.0494919
282.1963501	688.6373596
279.0180817	688.69561
280.049614	689.3778992
280.5671921	690.1071472
275.7150192	688.6787796
279.2402115	688.6579514
279.7928619	689.131279
278.5418472	689.7748489
277.9839249	688.3224564
278.4975357	689.7680664
282.5040588	691.1226883
279.0917206	689.5579681
278.6179733	689.6943283
281.730751	687.7767181
282.3963699	689.3476486
279.1367035	689.8950577
280.350563	690.4100952
280.9275208	687.3600769
279.4103546	689.8155365
279.2253189	689.7581406
279.5122299	690.6718216
281.3555145	688.8108826
277.9237366	689.1491776
275.5711899	686.24189
279.4391174	690.3026657
280.9873962	687.8391571
278.5894547	691.7023239
278.9999161	689.6424866
279.016449	690.1491165
278.7127991	688.2062454
279.1241913	687.0382614
275.615036	687.3376617
281.4923553	687.5552292
278.9097595	689.7339325
277.9593887	688.8768234
271.9287491	687.5068054
276.776001	689.1774063
282.2647781	685.4921875
278.2645035	688.3328857
279.5802917	687.5812683
280.4237595	688.2095032
283.0664139	689.1923904
278.9725037	687.5874557
280.9167862	689.3147049
281.6590805	690.4801941
278.5057755	690.4835205
280.400383	688.6452332
281.3230209	689.5593262
279.1528473	689.3312759
282.4258194	690.1827164
280.8132324	691.0794601
281.1560822	686.918808
279.1249466	688.0433426
276.4365692	689.7212372
279.4215851	689.3684921
280.8193054	689.4782104
278.7005157	687.0404205
278.4867325	687.5302124
275.5527802	687.3852615
277.6203384	689.0763245
281.701561	688.60849
278.7505035	686.8809509
279.2402496	688.0174179
280.4290848	689.4630432
275.9679947	690.0838089
279.8374329	687.3443604
278.3495789	690.2672348
279.5478058	687.1436615
279.1126862	690.0273666
280.6287231	689.9728851
280.5756912	686.2007065
278.0717926	687.4076614
281.1487656	687.8194199
279.3374252	689.0550003
283.3009186	688.6727676
278.255394	689.362915
283.7545395	688.2380142
280.5827637	688.634491
283.3512268	688.2829514
279.6283264	689.20961
283.3289261	691.2433777
280.3823242	687.3231277
276.7203064	689.7926102
280.1692276	687.0628738
280.2694702	689.5122604
280.276535	690.3815384
280.9793701	688.2098999
280.0020065	688.3172073
277.9310455	688.9258041
277.9320297	691.4915543
284.4916306	688.9530945
276.2510147	690.3897934
278.4948883	689.1648865
278.1524887	691.6915283
279.1481476	688.2282104
280.9837799	688.5419388
279.2499161	689.3243027
278.2023697	690.5637741
280.4093933	689.5604935
276.1489868	687.0662537
279.1974869	689.4402924
277.375	689.8361206
276.6531219	688.0281372
277.2284622	690.553093
280.0787125	690.3091431
280.0998611	687.5094757
277.1734695	688.6210251
276.1314011	691.1365128
279.2252197	689.8030396
280.1420975	687.618042
277.7837219	687.3473511
278.2396774	689.5379333
278.2043533	689.0248032
281.5526733	690.5757065
278.0710526	691.2971268
279.1889038	689.76651
279.9109726	689.6098251
281.6439285	688.4403229
278.1484222	687.5916061
279.6217422	686.2715607
279.9625702	689.7606354
277.6222763	687.3552933
278.4595947	691.3257904
281.0904617	688.0917511
279.723587	686.881813
280.3475418	687.9589157
280.0008469	690.0845871
280.5514221	692.0464783
281.4985275	689.1519012
282.3338089	689.218811
278.6962051	691.490036
279.3943939	687.9762192
281.3116608	690.215004
276.1060181	689.4130936
279.9939804	682.8825455
281.2304764	691.375267
279.0346069	690.0055923
276.8517303	690.3995514
276.5979385	689.6074371
282.3881454	690.273941
