#GraphSAGE	CLING
30285507	13436531
30304831	13537344
30293386	13636005
30416400	13755351
30571617	13516492
30461160	13576691
30256841	13905647
30301439	13890412
30364008	13654065
30623324	13629420
30374575	13534764
30280539	13517823
30371474	13591620
30295366	13631168
30394155	13686285
30352403	13472476
30507517	13627710
30579612	13582966
30246443	13705481
30437772	13730016
30414538	13690388
30518607	13504830
30515538	13799970
30331047	13722076
30255001	13672981
30352059	13627939
30054025	13519015
30548579	13710560
30305443	13683266
30402554	13736663
30312882	13827802
30114756	13500471
30403186	13467618
30401667	13871201
30633127	13521359
30278154	13580647
30370806	13752881
30543704	13782534
30067305	13838370
30623352	13630004
30363613	13875877
30585413	13491502
30337665	13833922
30187784	13821227
30447722	13677584
30450016	13743300
30416118	13654578
30438972	13734665
30391555	13618367
30475242	13690586
30413438	13779245
30423118	13507830
30436953	13700836
30388074	13675548
30073667	13760334
30493436	13575425
30298043	13716817
30539508	13577720
30341249	13894727
30188234	13763547
30623958	13687632
30562049	13627958
30470980	13459359
30259542	13536356
30576604	13819096
30372257	13515731
30468935	13832027
30390621	13760286
30543379	13780771
30516738	13811938
30623677	13819236
30347524	13756809
30119600	13640996
30329725	13602370
30403715	13846205
30362275	13890918
30470067	13493093
30173386	13664048
30535553	13584947
30332516	13828009
30257229	13572528
30463918	13609039
30525923	13438778
30251765	13867790
30231083	13574991
30297533	13560764
30253246	13840898
30124255	13696457
30487454	13846719
30116622	13778030
30474863	13700339
30353288	13691526
30379461	13467019
30394831	13652589
30471228	13610478
30618695	13798669
30608919	13655176
30424827	13727286
30270293	13787458
30426178	13417972
30188503	13619099
30569448	13707590
30067222	13610105
30200045	13695711
30246272	13685714
30473309	13703337
30330086	13965832
30264314	13681708
30380478	13645608
30605684	13852015
30614276	13499618
30423023	13686115
30381450	13594436
30402621	13666774
30325348	13921650
30546473	13446822
30531877	13608268
30796513	13578591
30359597	13748002
30273965	13787466
30206525	13471017
30626123	13547618
30211742	13772176
30320975	13694164
30249830	13481986
30330234	13670062
30446814	13778327
30409362	13512901
30228678	13674431
30210125	13510644
30173995	13727680
30368590	13697342
30173825	13535667
30560437	13889531
30425543	13503384
30025262	13776297
30185468	13609230
30641489	13441398
30572772	13543522
30536214	13576137
30404741	13703494
30680081	13782177
30390245	13572035
30381742	13468226
30251502	13261425
30362333	13688980
30386668	13708011
30263000	13430232
30507216	13741460
26844713	11866286
30197170	13587711
