#CLING				GraphSAGE		
#Layer 1	Layer 2	Layer 3		Layer 1	Layer 2	Layer 3
18.6	25.08	25.59		17.23	16.97	17.81
18.59	25.46	25.8		17.27	17.1	17.77
18.26	25.03	25.65		17.35	17.02	17.88
18.66	25.31	25.57		17.43	17.15	17.76
18.63	25.35	25.43		17.13	16.95	17.82
18.62	25.49	25.19		17.18	17.15	17.88
18.45	25.08	24.98		17.41	17.12	17.8
18.49	25.2	25.55		17.35	17.13	17.87
18.41	24.91	25.11		17.16	17.12	17.93
19.08	25.31	25.26		17.49	17.08	17.72
18.48	24.49	25.07		16.88	16.98	17.87
18.88	25.16	25.49		17.32	17.1	17.78
18.81	25.44	25.67		17.45	17.07	17.94
19.34	25.32	25.73		17.21	17.19	17.81
19.05	25.41	25.72		17.32	17.08	17.91
18.72	25.44	25.49		17.38	17.01	17.8
18.63	25.37	25.72		17.08	17.06	17.85
18.41	24.88	25.38		17.56	17.12	17.83
18.51	25.22	25.69		17.62	17.09	17.97
18.49	25.49	25.77		17.41	17.04	17.97
18.68	25.09	25.5		17.57	17.06	17.92
18.14	25.22	25.88		17.41	17.01	17.76
18.94	24.94	25.7		17.55	17.12	17.85
18.74	25.39	25.5		17.15	17.06	17.96
18.25	25.28	25.41		17.25	16.97	17.9
18.7	24.96	25.45		17.35	16.95	17.8
17.78	25.38	25.4		17.17	17.15	17.92
18.29	25.29	25.39		17.04	17.05	17.84
18.57	25.17	25.49		17.32	17.03	17.88
18.78	25.2	25.32		17.24	17.08	17.88
18.12	24.79	25.33		17.38	17.02	17.93
18.82	25.16	25.31		17.35	17.1	17.95
18.52	25.44	25.67		17.2	17.08	17.93
19.3	25.02	25.54		16.97	17.01	17.87
18.72	25.27	25.45		16.95	17.12	17.88
17.72	24.61	25.43		17.37	17.11	17.91
19.42	24.89	25.56		17.09	17.01	17.8
19.19	25.38	25.83		17.36	17.08	17.87
18.56	24.96	25.61		17.2	17.06	17.8
18.26	25.16	25.58		17.22	17.12	17.9
18.32	25.16	25.59		17.09	17.11	17.89
19.37	25.28	25.5		17.16	16.99	17.79
19.17	25.2	25.68		17.38	17.04	17.76
18.88	25.25	25.92		17.48	17.17	17.87
18.94	24.98	25.4		17.15	17.13	17.87
18.84	25.3	25.73		17.11	17.1	17.97
17.65	25.39	25.45		17.31	17.17	17.82
19.18	25.18	25.74		17.36	17.19	17.95
18.99	25.35	25.38		17.03	16.99	17.81
18.39	25.1	25.67		17.31	17.17	17.83
18.32	25.11	25.77		17.35	17.17	17.79
19.07	25.04	25.46		17.53	17.02	17.81
18.86	24.88	25.43		17.28	16.96	17.86
17.39	25.17	25.6		17.71	17.02	17.95
18.47	25.44	25.43		17.25	17.08	17.79
19.53	25.42	25.34		17.2	17.05	17.94
19.16	25.19	25.63		17.17	16.96	17.83
18.78	24.63	25.18		17.39	17.13	17.84
18.81	24.88	25.72		17.71	17.09	17.73
18.9	24.95	25.53		17.29	17.15	17.92
18.83	24.93	25.07		17.3	17.02	17.92
19.19	25.31	25.55		17.28	17.05	17.82
18.62	24.71	25.77		17.71	17.1	17.89
18.92	25.62	25.65		17.12	17.12	17.95
18.16	24.74	25.68		17.06	17.07	17.81
18.87	25.33	25.82		17.05	17.02	17.96
18.48	25.21	25.56		17.22	17.04	17.89
18.7	25.68	25.34		17.53	17.15	17.8
18.47	25.18	25.62		17.38	17.12	17.8
18.92	24.86	25.55		16.89	16.96	17.9
19.16	25.2	25.45		17.12	17.01	17.85
19.71	25.3	25.98		17.55	17.22	17.92
17.67	25.79	25.89		17.32	17.12	17.92
18.49	25.34	25.53		17.33	17.2	17.84
19.1	24.98	25.38		17.31	17.08	17.91
18.5	25.17	25.42		17.45	17.15	17.86
18.26	24.78	25.38		17.33	17.02	17.96
18.66	25.19	25.59		17.41	17.16	17.88
18.69	25.05	24.97		17.16	17.1	17.88
19.11	25.45	25.32		17.06	17.15	17.84
18.17	25.65	25.61		17.35	17.09	17.85
18.64	25.38	25.4		17.18	17.03	17.87
18.88	24.59	25.3		17.52	17.18	17.95
17.83	24.92	25.57		17.58	17.12	17.91
18.45	25.29	25.49		17.07	17.09	17.89
19.61	24.93	25.52		17.37	17.16	17.88
18.71	25.37	25.59		16.98	16.96	17.89
17.65	24.99	25.56		17.59	17.03	17.84
18.5	25.17	25.23		17.77	17.01	17.85
19.01	25.05	25.13		17.01	17.12	17.91
19.17	25.09	25.33		17.29	17.08	17.9
19.1	25.13	25.46		17.32	17.15	17.76
18.2	24.65	25.76		17.05	17.05	17.88
18.35	25.2	25.77		17.2	17.06	17.87
18.37	24.87	25.43		17.44	17.05	18
18.37	25.24	25.73		17.48	17.11	17.82
17.98	25.53	25.63		17.31	17.17	17.71
18.4	25.32	25.77		17.02	16.97	17.86
18.49	24.67	25.53		17.47	17.13	17.96
18.29	25.34	25.48		17.39	17.09	17.81
18.62	25.17	25.22		17.37	17.16	17.96
19.46	25.5	25.59		17.19	17.15	17.86
18.72	25.28	25.42		17.19	17.09	17.87
18.25	25.06	25.86		16.84	17.08	17.88
17.32	25.09	25.7		17.39	17.12	17.76
18.35	25.31	25.68		17.2	17.09	17.86
19.55	25.11	25.37		17.26	17.11	17.81
18.26	25.57	25.4		17.31	16.99	17.86
19.83	25.39	25.73		17.33	17.17	17.89
18.94	25.23	25.58		17.47	17.12	17.85
18.61	25.08	25.51		17.3	17.12	17.87
18.66	25.12	25.73		17.62	17.07	17.89
18.5	25.04	25.23		17.1	16.9	17.83
18.08	25.55	25.50		17.5	17.08	17.93
18.15	25.21	25.69		16.93	16.96	17.97
18.34	25.66	25.91		17.58	17.12	17.84
18.32	25.1	25.65		17.29	17.09	17.91
19.28	25.43	25.58		17.35	17.17	17.85
17.64	25.53	25.51		17.17	17.11	17.94
18.16	24.76	25.62		17.31	17.08	17.93
18.47	25.05	25.62		17.24	17.15	17.92
18.69	24.92	25.52		17.24	17.15	17.81
19.18	24.95	25.49		17.25	17.08	17.89
18.89	24.55	25.07		17.19	17.07	17.92
18.44	25.49	25.92		17.36	17.17	17.83
18.43	25.42	26.01		17.13	17.16	17.9
18.05	25.2	25.71		17.22	17.14	17.95
18.37	25.21	25.81		17.27	16.98	17.87
18.81	25.3	25.56		17.58	17.16	17.88
19.17	25.52	25.36		17.26	17.06	17.89
18.46	25.33	25.88		17.53	17.1	17.92
18.77	25.24	25.58		17.51	17.07	17.93
18.31	25.35	25.15		17.1	17.16	17.76
18.87	24.55	25.35		17.53	17.06	17.91
19.07	25.64	25.7		17.37	17.17	17.84
18.74	25.32	25.55		17.66	17.15	17.86
18.25	25.04	25.43		17.58	17.04	17.85
19.22	25.54	25.57		17.4	16.93	17.86
19.13	25.21	25.15		17.63	17.12	17.85
18.33	25.24	25.92		17.6	17.07	17.83
18.73	25.09	25.58		17.55	17.05	17.86
19.28	24.91	25.14		16.93	17.12	17.93
18.32	24.88	25.57		17.56	17.06	17.82
19.01	25.04	25.38		17.43	17.13	17.77
18.87	25.33	25.46		17.48	17.05	17.84
18.92	25.28	25.64		17.62	16.88	17.97
18.97	25.14	25.49		17.34	17.05	17.81
19.34	24.9	25.96		17.12	17.07	17.94
18.65	25.37	25.67		17.26	17.07	17.75
15.35	25.12	25.70		14.29	17.07	17.88
18.73	25.83	25.65		17.34	17.11	17.85
